45
74
2
1
49
98
53
74
24
23
66
85
74
72
46
27
64
3
37
38
78
63
82
19
93
90
63
80
67
44
24
32
70
73
96
45
37
87
78
95
8
75
42
57
27
62
89
29
100
78
84
36
91
20
94
64
33
94
10
29
68
19
42
80
3
2
67
53
100
40
15
83
88
65
19
23
20
38
69
95
26
92
6
96
69
36
59
44
17
84
52
68
43
100
87
16
41
11
38
70
90
74
50
18
58
81
75
5
93
58
61
12
22
30
64
73
64
91
18
60
95
55
99
44
77
18
78
18
16
93
77
90
41
71
91
93
75
99
47
1
32
63
100
72
29
63
69
78
72
47
91
29
40
57
55
33
10
18
21
78
79
93
74
35
83
47
1
22
31
55
22
24
63
65
81
96
67
19
72
15
21
81
50
9
19
9
95
69
14
49
7
35
19
58
24
72
69
25
98
21
89
32
35
96
51
82
56
73
13
18
9
65
58
80
24
58
82
89
16
66
14
62
57
29
18
36
37
74
26
86
21
27
4
61
74
3
53
18
37
23
100
15
19
43
7
71
15
38
99
44
92
3
26
55
13
56
75
93
18
27
24
1
37
14
52
82
48
28
19
76
49
43
29
27
55
67
70
73
96
29
11
31
29
87
75
12
98
22
62
41
80
62
13
27
39
69
69
53
37
71
6
70
49
74
35
76
27
14
26
31
70
67
74
17
55
17
84
77
3
39
62
6
85
89
97
75
21
89
3
68
59
68
11
24
76
5
64
4
40
68
56
76
56
92
8
17
40
82
69
33
22
64
65
35
30
84
70
74
16
99
46
37
22
3
45
11
90
100
63
25
100
4
9
55
53
66
11
20
8
98
29
17
58
45
47
17
24
46
76
75
88
23
32
95
68
82
14
95
21
31
40
71
77
88
43
18
66
19
3
45
25
20
19
54
92
80
91
15
30
54
73
36
26
51
86
95
7
44
79
42
87
74
29
59
56
42
92
40
73
93
72
11
27
79
46
41
39
85
40
97
35
31
58
53
100
50
74
74
82
60
15
88
70
72
48
82
83
6
11
29
3
4
63
28
28
5
43
98
87
86
91
13
27
21
85
33
70
58
51
15
69
40
35
71
13
51
90
36
24
91
61
86
47
83
34
93
86
100
97
63
98
50
75
87
87
37
12
68
81
13
63
49
76
64
56
16
74
44
33
44
91
91
1
34
30
10
35
22
38
5
45
14
63
69
23
38
24
17
63
65
71
58
95
34
5
13
32
55
18
1
21
100
76
71
74
66
39
15
30
74
98
67
6
57
77
100
63
39
54
88
51
13
67
82
45
90
14
37
52
81
9
45
43
76
47
89
92
70
10
70
52
69
34
26
54
47
77
58
24
95
36
80
27
43
39
16
16
81
35
42
2
89
29
63
92
37
31
42
19
64
34
67
48
42
15
44
31
63
9
32
98
37
47
56
66
79
92
16
50
95
11
70
70
95
17
98
62
98
10
30
62
52
38
29
77
18
57
38
55
45
22
70
89
54
57
33
57
66
57
34
91
12
55
41
17
23
73
42
93
16
64
95
68
95
57
34
44
97
91
60
84
44
71
41
29
53
29
58
73
88
16
68
8
65
55
77
54
85
75
82
27
46
83
73
41
42
46
39
4
40
96
93
73
61
56
32
22
84
64
60
49
100
41
89
33
35
41
53
85
99
36
69
86
69
27
31
47
49
91
18
2
19
4
54
90
72
82
64
84
72
72
52
23
7
39
44
100
51
54
3
72
35
94
39
86
14
3
56
22
12
85
68
82
45
74
24
26
10
2
78
56
10
25
48
73
25
40
83
86
50
47
17
7
99
34
28
9
21
85
37
6
11
97
26
96
36
9
38
20
86
42
50
54
37
13
72
49
62
14
76
36
44
55
91
26
60
4
86
19
71
35
37
86
80
38
31
23
87
61
18
32
35
72
84
82
52
63
61
48
74
75
61
64
35
69
76
99
81
10
85
66
76
99
68
36
41
88
18
37
56
22
89
75
22
27
77
45
93
48
18
64
43
92
60
53
36
49
10
100
88
35
40
65
8
35
63
83
68
7
77
33
90
91
89
15
20
93
42
54
97
92
12
66
51
53
70
26
59
2
95
80
55
49
86
59
65
57
74
62
72
37
94
79
10
8
92
36
86
76
90
62
16
65
84
95
87
70
85
15
19
72
71
56
3
99
34
36
53
21
35
17
85
92
25
90
66
36
89
74
27
20
65
84
68
70
74
74
15
2
62